1000
5 13 457211608609220021
8 11 227641300716466693
2 9 379142955983748195
15 3 255131662083624621
10 2 858997146099027939
3 9 960970697524368301
19 15 704526598724652374
12 10 583132626150159769
19 7 132429933225315182
8 15 640898979410041137
16 4 998612366136576467
4 15 17893411085951281
11 4 499465022062471243
15 18 229035698762328121
13 9 245134079946186498
18 19 309783480895418426
16 20 450112979870536327
20 12 662777457566755267
18 13 160831048026335099
3 14 546412576406126551
11 18 564252298093058981
4 7 17886480616729966
8 19 559463212274435409
16 10 838547131627582676
12 9 707399290167985675
3 2 921940030538020130
4 18 82949864897065356
8 7 366577250821554183
15 4 948130969427141569
17 17 432882466269262894
2 18 914405505522631555
20 18 286666732774717399
17 18 793828238463296818
11 8 9221097269524584
13 9 845973222110490769
15 2 952362259430008392
11 13 632350777056602741
7 20 777629938899617993
3 10 851285260740372077
11 20 458531786213700481
16 20 305205413598437208
9 13 620897056171379589
6 17 303385645313097641
5 4 554757007077065573
6 2 604794411384841456
3 7 433810381855621800
15 17 833961754736121862
9 16 466299906855992191
8 16 809706621314510956
3 11 850098843029167684
7 10 720744336954037753
14 17 39713144738347701
20 13 128655294569829092
8 16 178400320716634395
12 18 310567535548200778
20 19 521413276825774564
19 11 982544482692436611
18 17 931471711711296733
8 17 642308822948593575
10 4 70577869118301379
3 10 894930872529158137
10 19 192228048975700072
11 18 662169403845769595
20 16 747679918733383386
20 11 506661439200581006
4 12 684835265855297849
15 11 131124554949699259
9 4 630234969785071854
18 16 586837945922912789
14 18 518109536941743359
3 17 954733993326231403
8 4 545595643835339452
2 8 607474321154888022
12 13 905207725593934452
9 9 278098051441446326
20 18 978341165994934867
19 20 316861359824098104
20 10 973284947881509646
9 14 856609722420913876
11 17 262406697159741337
10 7 751260865089628981
12 19 541553978103974916
14 20 81396564380230913
12 11 162463651743844103
19 16 51821564879135518
13 11 748272151994786663
3 7 77315783837132200
10 10 160809810767074950
13 8 317301782987276691
2 18 2963000601259160
12 15 979464046232631080
14 6 249697965028519396
7 3 403092590815939249
15 14 229369603503505951
15 9 593644760852452508
19 6 736368988268404932
16 16 508066145690685298
4 17 891147953758726226
9 11 38550964805517510
4 10 897088449503501359
3 19 844524644621489161
14 2 323311258707293136
2 17 520340735439445099
5 16 411235074113041652
10 9 48617209965359802
20 3 582111482769350241
13 11 462837396354049630
12 17 684870906985213282
3 10 959035452397673733
15 17 110447887076035561
10 14 923262172994826744
3 6 511849191519726606
12 16 673586183227389030
3 18 282610371020658663
12 9 401323508209211647
20 3 632595616910558986
9 9 345072144875223719
20 12 775774011302361336
5 15 928023931668599267
13 2 549970139403602986
10 2 138744526761948489
10 11 797816705123218937
15 18 893783789003585000
5 16 372852470536166996
17 15 32254939979322604
17 6 284837790838138431
20 11 726751100332692168
4 10 150545143186313787
3 16 138372468467561745
7 20 530512972783754420
19 4 309715890804491963
9 4 725101153225513272
3 11 714399907883797645
11 16 247507228172458700
16 2 293868105036683222
13 11 962478393560346200
13 19 486673235515535984
17 6 799848469139995357
10 16 693131817701947268
17 4 780003309406711327
7 4 40859039392703908
10 14 238680558436479003
7 14 427056915043065825
5 15 63783591251303799
4 9 102639805347501172
10 20 797244781134362237
20 3 467365350213639548
4 17 317372294058612135
13 19 377494527309081667
9 20 12144562588674197
19 14 290009638494806889
14 7 675884990363990564
16 7 543154498486846911
12 17 981014560024813592
10 18 842331638108948216
18 10 667679584095341788
17 5 344565327074391020
10 15 712373924324139011
15 20 529125647671492538
10 18 255565939226810800
8 10 558031911731676284
8 11 356828194632060622
18 11 101874202274944004
18 11 78454261569763378
11 17 655126429559018700
6 5 617212954787376637
3 10 597097634380032114
15 18 869383839155744040
7 2 201923740055433072
3 12 510797665167152247
4 2 723869293111642415
9 4 476306586940247363
17 10 681241600359947215
16 5 627622439342016862
15 15 809588826771664885
12 2 587160431594497316
8 17 362060836821066288
20 11 518591812788039054
6 19 129109804243666669
9 4 534069028767414182
11 5 873034512214995705
15 19 120008746746161422
3 7 493738688145520164
6 12 468622493689675945
12 19 286103985903428997
10 8 763624441731745651
8 2 659026973989207879
15 5 153206064929292340
20 3 965823521158654185
16 17 306455356256851496
19 2 637281478152037655
20 16 836954479404239862
11 11 764566717988641700
20 13 512158631153583930
4 2 21333954575707557
16 9 277817888579144480
12 6 156122518989470068
2 6 672154932586658113
20 6 692551200212095822
4 15 871282208186710329
9 12 75651752214845056
19 9 701184990155559969
8 16 320599349811115565
8 13 353056186253137775
10 20 437886732701573354
12 2 642701801499063406
2 19 711403174848866446
8 19 777277964404644076
10 3 707891668329914588
2 17 980500027911521185
7 6 125164282652868454
14 4 217643681039269457
16 5 586085870794352200
15 10 178000210638309776
12 9 329530527386563641
6 18 685870829317633420
16 8 135525294270866990
7 20 798130971520352906
20 10 962840864397283547
2 14 208239583581384253
4 3 186803670320382492
8 12 569571330259819640
14 2 284894843332157396
14 3 781428034769972057
13 6 674053708446968007
16 18 865853116648472408
5 4 89380056302784305
11 6 590665074627307024
7 7 196100536245335623
19 9 973674446099792802
18 8 479292328951307821
19 19 494176395966784772
10 2 574147766099259692
8 5 269418189117725495
5 16 130441929401794929
19 10 364623915642665563
9 5 297976376747651815
14 4 984695985603318751
4 20 226791429977870971
8 14 2825330920900652
2 4 705243359053828928
7 13 981082990999315179
13 8 195281563093779401
16 16 316372521086099091
14 15 733598921638318200
10 12 48310716335893185
5 5 65215614478391765
16 5 515405185806754193
4 15 458717828260336478
6 5 231497153032854191
17 9 150140248968042620
11 3 885832815940802599
5 3 212063923041883302
9 3 279258623064671099
14 9 817082355106157890
14 7 322039678756077419
13 9 387273950672590
10 6 371183739346979395
4 11 359647165613071409
8 7 858227737244901503
8 12 967230044382281227
11 16 923045286502624748
5 2 219488898859671550
18 2 531795872104976773
3 10 790256266497176157
16 18 437900382779120771
16 2 35194259090769940
9 4 234984552659055381
19 9 17147023902046637
15 16 647602419676198362
15 15 265353213950784551
16 17 309546374845215441
6 19 267731070103800303
18 7 25435430033440961
5 2 613407596403862922
10 2 189739713583657636
9 5 946352324189659099
13 10 379029135745012184
15 9 521229286615116478
17 20 418259204116126561
18 13 229890272407165659
13 19 278895539432012378
14 8 680828677144520573
16 20 672659082233393372
17 8 472238133908647316
8 17 523676492565197438
3 20 895748195380371826
17 15 463218147899523852
14 7 644509572139957872
13 3 960894999880555467
19 2 212171897383980186
4 6 440828487301356161
20 15 887192010556516917
2 15 96642987306554118
12 20 839186164218414538
11 20 294505327192851381
10 10 912223050015651642
13 11 597661294187491959
15 7 510218911098571259
17 15 483383782933964577
18 6 203427843782510547
5 8 981822176772702920
17 16 512387698693375065
13 18 965532760127377259
11 13 78931394384433822
12 19 135454432811300456
17 15 129809502130870652
6 20 148752056009184609
19 7 255078861413257900
14 4 823066084197758640
15 11 524756602212870338
19 3 576150951044335271
20 20 664853274882139138
20 16 951682446649807461
19 17 967553306845843395
8 9 686846367784249449
3 3 583775934846384607
9 17 627136789241956543
10 8 823802857093117884
6 3 525965073286118696
4 19 925690935173052619
3 6 799382662065333158
11 9 358485392109987633
10 18 482834625961171607
13 10 913175435221650743
15 9 514590903209255827
17 20 45356925368390927
17 11 578760545829266814
17 10 942588380661404524
20 9 338124594103175271
13 2 93691681134460190
15 13 505178498553732037
6 20 803729596814323617
8 2 312201024007017005
11 11 488014152453773248
10 19 361890717549404900
7 6 914779976225220346
3 20 39037989702808989
17 7 817714218777450363
13 8 208514343819654156
5 2 807815881128574909
4 18 122362178566539570
12 2 402581953858663042
18 15 907842923398061895
18 14 659260587551983743
14 2 11264502207238938
12 7 16196303012929465
7 4 641966977911399956
19 8 176076909423230692
2 10 150902803753287848
19 15 405715424114133450
6 5 666332119587551262
18 8 43536887227116504
11 19 615299526410095437
5 9 501611336876660022
14 8 671334560455768943
2 15 261854836436091433
4 19 847215321880492752
9 12 607255971447845354
4 20 206171977309143426
3 7 311652642594289929
13 13 74889019345390927
14 15 885371618220522373
12 2 63442935091214317
20 10 836583680400923544
3 18 726336394770560355
2 18 194125441956494791
19 15 810102161844816663
4 19 834631335579146097
8 15 436490250456819540
19 8 891268517670112960
2 9 101532240288206587
8 16 685748356539883460
3 17 985799585459794517
15 20 491291337211776204
4 10 398475096344324490
19 19 619737378178725109
16 2 232663909458346691
5 20 391175804641008663
3 18 685823852546707644
20 6 362748208031651881
10 13 895670908764707820
11 2 771567961315489924
15 10 307103160063749794
20 6 472669932426637792
2 16 220480784872955905
11 7 262495220706664769
2 15 98819843280002812
6 18 866554322203368806
15 4 999300093973076243
19 11 393338868160595508
18 14 228727421377897641
17 4 839528949356570161
18 15 166385758118537669
6 4 183041498908945309
6 5 85770656035714753
9 5 581488635639579964
13 10 138440901684291886
10 7 777808532120450347
13 4 432602807108984536
12 17 131270570015185517
2 4 509602546229879316
3 9 862239834459728334
13 16 495713912178740545
16 13 722135046397889020
4 11 37551514908921252
19 19 969330099459665259
13 5 384283333097492255
20 11 233119823325069360
19 18 696235821291801609
5 3 244847691034749875
6 14 470727589208876930
14 12 810239346234721803
5 5 129420194841223086
7 16 23756569565611540
7 10 902907203318342419
4 18 761364355222684502
6 8 347787847388332640
10 2 57416168709624408
9 10 567164010227983550
14 7 608045012920973269
2 8 410307288566136671
8 17 991662698227498335
8 13 424064051801475915
20 11 625888199566166830
7 2 688968820593811897
17 3 268850358705547332
4 3 745181338498563753
13 10 579381713641096032
16 19 513501881580541895
8 15 826925097655287547
19 19 894045938837541094
20 19 17389370619292794
8 19 25081026624954077
16 12 924789988944231045
7 13 614190409559264572
15 14 398664746770569514
15 11 503463438263631553
4 3 898616252153366691
13 8 736702811023825290
4 5 529602669396229383
7 19 973138007336569206
4 4 841428254861202828
11 9 605539227944627586
7 7 347844793803109678
2 16 898346712150247452
2 12 399049512231885768
6 5 201511856877145583
2 11 969620535756919511
16 16 610469774505585385
16 9 544196412399992757
9 12 599024508918552136
11 3 665496999798255414
3 3 247253579542689338
17 9 988993940691275699
2 2 893545092447525389
15 6 728840371157927607
17 12 350593692499512890
18 8 923614476938541324
14 9 13239975275862358
18 5 799021687843681168
3 11 178784997255930538
20 6 789311899639721001
8 3 619295653602535775
12 4 991631637682039545
18 12 846693094085820088
16 11 242355901980608239
18 3 791435315044687004
2 14 625995306833700377
10 10 515172070017403345
16 2 358055279596182310
3 12 687125559856799867
14 8 734272703379549210
2 9 394928263583648854
17 10 740656255896975220
3 15 173551711124983473
9 12 555185763208552952
12 3 633861771717156907
13 9 659496520695614687
3 19 433509869020699232
17 9 498968173006315129
11 16 436295773518389391
10 8 645362131973575991
20 14 699941430689693737
4 4 112860929817767332
16 5 509957536209720801
8 17 968983076732609856
3 16 578817917360374677
8 13 773870053918548197
10 14 600432308439854197
10 16 799370623068861854
10 12 354227227994635030
14 11 583834565102090161
8 7 773027301627781558
12 7 490943661198515962
2 13 202948247914662461
17 17 856228764858671505
11 9 939061060353813775
14 4 86290919176484607
8 4 168334264384907640
16 17 592109924299300961
13 7 273935963325730688
17 4 35808584805597007
11 11 621023607614775616
16 7 777583476481967709
14 16 493230250574366882
2 3 318227392554158919
14 11 377653277546342903
12 6 303750274688652663
10 3 987610405394824531
13 11 117067888123847436
19 12 348331122334877179
5 2 117766348258392349
13 11 385625110248479439
3 18 966621508451998515
5 9 844189184870549965
15 12 610360781452842266
2 19 290168670737990520
9 4 407798910301134250
4 15 741146629070866986
2 16 120126217517229033
10 20 649168510878033981
5 9 855062719785195990
4 16 56740349186032270
13 12 162395630194160565
14 7 12129620956349853
7 15 930929560424480659
17 20 789341083645007592
17 2 107511476561805896
19 12 707193857917511282
15 4 589431877843183854
7 12 699272444399363433
16 14 822032895437708644
16 19 774410135875103015
8 20 567995688495643136
9 4 678324217724651844
12 17 131508943306259006
12 2 184873764586845708
8 17 207975346780886534
6 18 481058107968673840
3 9 845517352086097444
19 9 409607241448921769
13 18 853807159921798266
11 7 10861746973817858
14 6 589007952708948955
4 11 195839983479545106
11 9 769659483466400586
11 16 229879363562463353
10 19 762828387965685400
8 7 461932304000022238
13 12 144112816388991389
2 3 599948861013073090
5 11 846998518389599666
10 10 874881540639264428
8 3 261928870761016949
4 10 507352687909597024
3 18 949229199997067948
16 20 178115894981872807
19 19 12371728495084251
13 17 736407098413647962
20 2 98167233633984028
12 12 17781857016583505
8 13 922450740404551557
14 16 682959136549290153
18 4 378790335314979603
2 10 914547539795630111
3 12 486820966597156410
16 13 723386104861242744
18 5 691759190474279812
19 16 3434151559133510
20 13 954581229599896884
11 3 406205005463462769
11 8 945081787883720223
3 12 63616317741721428
9 17 376247801293691708
15 13 531337730645684306
15 20 422753463366013334
19 6 668903219674279826
20 8 319174934892683831
15 19 232658037966247525
6 11 679143628611650206
17 6 887525289417031786
18 8 682433926109937471
10 11 639195587487137441
18 5 507548739969892104
9 12 37679630804570116
9 2 926123560029120050
18 18 885523838259519507
16 9 311526329315855429
11 13 985085124146106887
7 10 683153706806904274
7 14 400844337457943295
13 17 760297029443123888
15 14 616353927562237718
5 17 6902853488205182
2 16 901221863142129544
10 20 856492990192234335
3 7 870666451387416159
12 5 904721733035028581
10 8 403245625085189368
8 8 503727401216029239
2 6 837841119230583158
3 7 679947091229252716
17 6 208525322459861839
9 5 516941800958393282
13 20 578949896666688923
2 12 652937517724876534
12 12 279797102607553120
16 14 233576576561746963
6 7 971564551417309500
9 5 937706553879599085
11 7 824299355430881328
7 5 169102609142713121
19 20 926138063797873238
4 5 674911382469299390
14 11 110483366929496547
6 20 349905629908903723
17 17 952918309188694553
7 14 955801338856016825
5 14 709475505194223294
10 10 457446408004501596
2 14 510104511837369551
17 5 302067854851213378
6 12 30382966749011381
7 14 747746810194635189
5 3 394056611917018578
14 9 128917348330971759
11 7 212597984503022566
19 8 234697284145634736
4 13 94524734913763999
15 4 942477742083997930
8 8 255137090319562865
16 8 440228232460300881
2 3 203796754956247990
19 13 605001795507618061
7 8 681622028079743923
9 15 66539713194331665
19 14 401391958832278351
9 5 873301946980878830
5 7 516823892864359177
8 5 369797753554663131
14 15 800936373555049084
10 2 601266775885332419
11 13 610355724861452103
11 5 727961742144940653
12 3 323546453525471619
18 19 847608798086558731
6 3 328616029019657842
7 5 125538113206144035
5 7 930515285453497149
20 6 152317090196726534
7 10 953642515255592692
12 19 180312124364957640
11 9 725058017226357651
19 6 397361954331198065
17 15 764175494612626696
8 20 671957308807285825
5 9 29363221673110571
8 6 362242689760924539
3 15 53653337668425640
16 9 50070907040645209
14 14 112128916775862670
6 10 304532287664751950
17 8 15815917619478977
6 14 546339693776667569
12 14 76192775425630879
14 9 475174466658916547
14 12 389442237948632177
16 12 526218002009527194
6 19 554624772132091185
19 8 26937822616997261
9 18 965571245874264984
7 9 693280093611713442
19 9 421608865738080242
4 3 755633575737110891
11 10 289445969394131045
5 16 488518792331624110
19 15 597738997313895302
2 3 490053182951052505
6 9 509536646575186147
11 8 359872216519284809
17 13 210943489953141259
2 15 157456513384133846
16 15 623613027044634873
11 6 875321785751985904
6 5 308240620724825032
19 4 781409814266843352
3 5 465115190850868207
8 16 323238601988767440
3 10 898411222350150936
11 20 69281835280475458
6 2 877762620950924904
7 13 803488543673301266
11 6 519843156420944895
15 20 964658691466849201
14 13 692082950110221107
6 19 982194575705983885
13 12 295275393253006409
14 3 671391618123048171
10 3 517794483423761560
20 2 455742763980638580
7 7 879695116648865444
8 10 139887682426012528
20 7 988533200093184253
19 17 917867989545358434
5 4 916169512258828772
18 3 767919205935022344
18 10 313340316732139393
14 4 996092181811658903
11 14 777046420576677898
4 19 7832767001421047
3 3 561613515179686660
11 9 93145008803802466
9 14 951225638025997302
8 14 383514192376556452
5 5 812910913630864157
8 2 106748173373214691
5 5 282430469076918959
14 18 587499885899347795
12 13 178857762633537271
5 14 326920775673060031
11 2 569007134973269847
4 9 61629894038095647
9 2 467501046230969896
11 15 229978912352024343
18 11 72588354578103678
17 14 98287235190122725
5 12 284150066024103669
13 9 699650781565344411
11 6 341251240081603040
8 11 433444388345473966
9 20 634417555294795146
16 11 612768485045932398
8 10 35121880292036964
7 11 123350496413501008
12 15 595309811684207481
3 20 227087975397868642
11 20 716513182195908844
20 5 626091776623451832
13 5 240708876729153496
15 8 965980404162208941
11 6 301210419567480702
9 8 721937812362522405
4 5 550604239059298
4 10 203671219202884711
11 13 580504883572850306
13 16 684521306408339083
19 19 662775117445160850
18 3 175851988834313713
2 11 943287119722319162
10 18 809998328089124166
10 8 582693935794217864
15 14 416635983989108302
6 18 275974880310262103
3 2 973689162484552285
14 4 116037195862279871
13 6 873187049136262448
8 9 282579726909539411
16 6 805505338221349645
6 18 672430966861916879
5 20 445962591234273991
6 11 841982493054899923
3 9 978042074558574684
7 20 798352772203404428
15 17 223078180176411848
9 20 833829151949188335
7 9 124625908243394718
6 16 286267557248005866
15 17 945884409802625200
18 9 878851669982915330
14 17 899590640328314850
17 3 879570041719440732
8 10 932890883402234354
17 16 120603257014493556
19 13 981997930198737105
2 3 879745163700753453
8 15 907199654000416040
12 9 458568425009760963
5 9 452839710038933907
14 4 233705499487138371
4 12 472536231966634086
8 15 963666928531968056
4 13 304985456833982989
14 14 964380909225459121
7 17 543158184872348167
2 16 986290563151593879
17 19 96811492120655935
18 17 25780401724389122
7 19 273707769051918943
13 5 197347044290676815
18 8 229425405963103548
10 8 848503956534393516
4 5 648745761078059783
5 3 237478176420530462
10 6 486571799253556599
13 3 913749355440932548
4 5 624805518815613079
5 14 636927518830025505
17 5 593324735693408195
16 3 319287450778199047
7 3 640576829182638271
16 20 350835567661468206
8 4 202771094407417190
14 5 837650326133481687
18 12 824838783818046180
6 14 237963789381178442
18 14 782505398620222649
16 20 391954967507594547
4 9 56921260077456011
14 18 163818524601073905
14 5 492782346866071088
7 7 698034332313896631
8 5 978462149255071849
4 15 640138533058529819
3 7 630452828471457584
14 10 228008893066998842
10 9 706123973491543288
17 12 391475349258138932
4 3 555204363514888895
10 20 88765910383078302
14 5 390090999552854253
19 16 242553352036891779
6 10 987694554864890453
3 8 61715328638182118
13 19 712875554439836469
10 17 253412355195378654
13 14 571125976912531698
10 8 429743495920885278
20 13 525542520620757495
2 7 394284397762128747
2 5 438335006523527310
17 10 365983443176938076
8 11 611248924600072330
20 4 383319997048158264
3 5 887851337311549115
4 6 443467582859717224
5 14 223071439190028328
5 2 839566999667989981
2 11 932449225032729253
11 6 751915566379630343
20 15 21815425967239658
9 20 145726298945774171
16 13 201054835208573767
16 14 558538370895262087
10 14 454283920196742111
15 20 615861625992327409
19 11 326577392590729442
20 4 598531261769743005
5 2 664772922183271616
15 2 256500184803093280
10 18 709858194387929306
18 7 846635436161985335
12 16 520280384394855210
12 17 190284773567940458
18 15 507065774374858295
16 10 733791165755779279
20 12 394893171689309203
11 10 667525087411997728
17 8 884239535175865264
18 4 633139145589723441
6 19 385037318341060831
6 8 462401035431919196
17 17 560738802624699382
4 11 336055081688208184
14 17 96157725134966588
3 16 432924484677461013
3 3 104936338953811596
10 12 213318139058598881
10 9 255728542821086716
4 10 336390364238633581
5 14 280719929006451700
11 14 186743631412809724
10 3 653531934387312334
16 5 865539505540727393
5 5 661293921109414653
20 7 814833459133293013
12 11 6786157112816239
11 4 161722260368289497
15 20 131657585133860386
15 19 859322864878333231
18 4 358683720118211436
16 15 311394979765620093
3 9 352537611568956181
16 14 502895715769904822
17 4 438157985949811401
4 19 524567646888299578
10 12 133152695252854278
10 20 712556833814878699
16 14 941339804606139384
4 13 365244376480126844
7 10 213166551144035688
8 3 256439183208115161
9 17 417732123129464731
19 13 717620291296867878
2 17 519969549854498097
3 10 133227082250682650
8 2 457277737464765653
18 11 704638475495496181
2 8 140179963344543922
20 3 557215517306305203
4 2 484146335593629720
2 13 966037448790599023
5 19 440706518657478953
17 12 947013790849600974
14 12 817182542692488117
6 10 625909712240182202
3 20 54694300572922945
5 19 234597923012742960
10 18 114018464454008774
15 17 14682837994919998
9 15 37954369041397809
4 10 900012378838125992
6 9 632111593570817842
16 17 813216487231769405
11 17 365219378523105868
11 6 497176414514566692
19 2 23379599400390192
5 14 178808284237544419
2 11 972282199984167064
17 6 874190847115810629
15 10 711505724589274794
11 15 265874424095900896
13 20 874223003905267669
14 8 223729134938963759
17 12 472549033838850468
13 17 469152995509335936
11 14 444446566602058501
18 7 150176205608396178
9 11 581536487169348160
2 19 445933339363772392
18 12 750839165891101291
3 13 913454356457598429
11 16 292447566332022998
12 7 903769230049585542
17 3 902644086706365386
18 8 93592039291573227
5 9 219774773186719096
6 8 159625353107738700
13 16 466893301007198080
2 18 341593577091449214
19 2 587994180806296884
2 20 211167058047759428
19 7 38100660209569962
11 9 968331729182697757
17 13 68645322954836130
4 4 399064075549552918
2 11 381255621778796652
16 20 333228327291295689
11 4 511330807509369237
15 2 553976392797536152
16 5 467765008103044033
7 10 231240911734358888
19 20 395470497982483309
2 8 230010625142606270
15 4 101322308339111027
8 4 882992106910417043
15 6 637516239483665821
14 3 958206836705077838
15 19 730920918419439217
20 2 266350216536294707
13 8 646554996698987708
20 17 964071023191153474
14 10 985371746684659434
13 19 122183485721227671
12 13 118276538794600241
20 16 41550027455006026
15 16 13631291179977107
15 14 65182925699407697
14 14 468846969202830170
20 9 492241652389612738
9 18 838186487390631073
10 9 33210104941919807
18 18 997256570025004083
19 9 44483314964308063
9 17 990263817067445661
19 5 268810803167540982
18 3 51707111599248365
6 20 111086769917022065
3 20 810033484071422974
11 8 595551893954180660
10 3 144107584083370296
4 17 811684144797774613
2 13 266183866086259891
13 6 686760782490722259
13 14 446099315682016970
11 5 209272882318021869
9 20 905224767033166765
4 5 682257366918741131
14 14 25547641777194634
13 17 900821189811460444
15 18 588899607092621978
15 10 450589282575108267
4 17 299464308033442075
5 7 979749785267258394
15 12 947680235020098340
10 19 507186247700096892
17 20 512947686108594868
14 11 463492183908531660
8 5 34508874258926048
14 15 230736164898784637
